44	0.0 -15.319489016871987 -16.801001904423703 -16.526000568844385 -16.286280170254813 -19.729902687996834 -20.2977063058265 -20.974519424520118 -20.840313189353573 -18.284226997419616 -4.8233322459177455 -18.49536764263169 -19.943683230808453 -17.187213042879524 -18.63223866369517 -1.9348574797996214 -19.541364497586194 -17.540749030863793 -18.16927682552228 -18.698346806595154
107	-18.575725726971047 -2.939364613374128 -2.273627537807206 -1.0557507644849824 -18.01790228971297 -17.791982948991816 -18.480220952114948 -2.623808390311212 -16.624114409484093 -17.098399558508465 -19.57655686734414 -17.833409165490085 -13.930213822332176 -15.79306729882503 -15.96982236754581 0.0 -15.409931182754434 -15.516366155369983 -18.88234814620465 -16.345286606824097
111	-20.894779470473615 -17.68432692636949 -20.62000308180779 -20.98498294350653 -20.670135312103728 -19.0401131779123 -17.942004894344034 -17.722924829451337 -4.826991331835128 -17.383983904449025 -16.612324531650412 -18.86423442650972 -18.395459470418075 -20.133000458427514 -20.712601667072036 -20.674172862674382 -20.289459273239704 -18.288992520734197 0.0 -16.918427415290914
120	-20.974271361551345 -20.99274860916196 -20.261005157120984 -4.777052682979441 -20.915088945441273 -18.676291473650174 0.0 -17.65221382384227 -15.689772743753053 -15.557963990072523 -13.51450508339845 -12.327000606188022 -6.443694895375295 -20.889003412756434 -12.794686256926536 -9.347247363111375 -5.334835453285416 -6.246496483425778 -11.095928037911838 -12.603874345412414
199	0.0 -17.828474266957237 -15.706960497784177 -2.0890864800102777 -10.616102487065191 -12.490629024510355 -16.430015791823983 -11.21930177626519 -10.510110018230767 -11.755438490683455 -11.529559653083314 -15.236523558350687 -9.113707644419382 -7.788661127388371 -13.071826194554088 -1.9440610471582496 -4.592525464405025 -20.36336909526275 -18.59617141758474 -11.816346095222857
251	-19.87037542540439 0.0 -18.979488264277187 -20.65116640312174 -20.251421317246674 -19.93826290211365 -20.95392768460777 -20.599969230751324 -20.89400176796555 -20.442335064995216 -19.02515304418841 -2.234370650395393 -20.027904748944984 -20.117762370239248 -19.63250675940709 -19.566450236163075 -1.367331805696212 -18.625111494295506 -17.329314090724825 -16.17962495037702
288	-5.301151512838495 -2.385984137386024 -7.721494432435322 -3.7236299590838957 -15.030819228076325 0.0 -15.236031554897606 -13.214296849760277 -17.008014548039878 -17.77384794400284 -5.546700511162126 -1.2540415472239308 -5.582689654132476 -20.603035603722336 -18.244358738841033 -20.920080783349956 -12.34491262363429 -8.08162363129191 -19.68315518993165 -6.780806937930521
290	-9.051543186131685 -7.568194026514078 -13.225246905389524 -14.627557077064647 -15.011534092810706 -13.988344326319798 -13.996336870895156 0.0 -15.550354559480567 -16.21759368512927 -16.49402799125768 -18.34702965325436 -15.976800331358731 -14.70749767547384 -13.913836527467122 -4.30887899551478 -10.510457451335384 -10.033831724411211 -7.128839525250395 -15.265360650563801
377	0.0 -20.955911538715064 -17.941210773030882 -7.374265116918868 -4.222398299109835 -10.220196885210283 -6.058178633873919 -12.325952163934272 -5.731690909619859 -11.213652395795618 -13.048441163768437 -5.4815557694949995 -14.398810140885763 -15.302202613077664 -17.782776526112542 -2.303034567988041 -8.140213765703836 -20.940390310012198 -19.132032398749903 -6.9766454784845635
395	0.0 -16.519431030599193 -10.160619560963339 -13.77455399221544 -8.732232612884708 -10.819367505210149 -15.093656823998334 -15.942758476195822 -14.60040831533658 -18.787318220119413 -17.19253555614493 -20.2911615457761 -9.829054184962404 -7.33313252166469 -5.208698695846824 -2.8459537903107703 -4.4218379623693345 -8.393419096851977 -9.370907918351353 -5.723903869401752
399	-20.91903576133523 -19.00500440596013 -20.489737727572685 -20.932542965739035 -20.391543928556906 -19.53214270474175 -20.766252560161394 -20.73264122189662 -18.97929885432882 0.0 -19.51035205616709 -20.237263697228364 -19.634922620332084 -20.560639359409226 -20.979650912289653 -20.9999099288784 -17.93163309481577 -17.549783100771666 -15.241294398474695 -4.4863113499407445
475	-20.05289720879486 -20.47355368678899 -19.816981679929953 -11.998923364530903 -13.137264819466472 -12.920754591596683 -12.109751938885275 -17.698849592174078 -17.829790055816233 -17.936052418699305 0.0 -17.965463329631774 -0.6624205927438349 -17.602184219079255 -18.661938860594727 -15.791912326746107 -14.753556916181601 -13.077935720315999 -10.568900750749503 -7.708098642218726
478	-19.364572365355226 -15.442336488900857 -16.50646213255714 -19.298571047095685 -18.505268961116027 -18.97970247965087 -15.001426705061032 -15.560047578510101 -19.44724573259996 0.10369148241358807 -2.1855290914350243 -16.99614274993005 -3.657580690994749 -10.481812402606057 -11.88137296958638 -20.891377639303705 -8.096651513464835 -20.626550693528852 -20.753497491892276 0.0
493	-20.9941466905626 0.0 -19.26316183859539 -17.709251821384964 -15.545702861981205 -12.138570274055773 -13.309226327459998 -5.5277439594929545 -16.29311078279445 -20.99357053355207 -18.44253357479804 -3.807990107980491 -18.215951674939316 -18.64382384808232 -20.742973433622304 -19.750176029357366 -19.87604194571246 -19.089254773311488 -19.253088172262416 -17.240722369055142
522	-20.9992752369672 -18.84105802236196 -18.69527902263321 -18.718995572995755 -19.27831552458936 0.0 -17.598081121799837 -18.487256994388467 -3.7049585498302617 -20.122437096055087 -17.795027298982298 -13.609626731781232 -11.745162682302325 -20.97946564369481 -18.5083408555166 -14.995063601259094 -13.610072521764707 -12.350366948983373 -12.448378885765635 -13.239184129778003
537	-20.729964172219475 -7.025816234556404 -20.107943495353542 -20.656354343517105 -20.03271400421272 -18.794056308616824 -18.30853438106525 -18.443157872948742 -17.104021423801495 -15.344057671652303 -16.459368732570283 -17.041272504167768 -16.75931938890854 -18.330845302178453 -20.078033384208858 -19.24313176750282 -17.992816733411924 0.0 -19.430106396712883 -16.075889180906696
569	-3.8274179170770406 -8.39437216256765 -10.397069179172961 -14.641616619991368 -4.724625237876518 -8.81396628834316 -13.329710266221225 -12.235138317321491 -7.713951285151012 -9.121638803849105 -17.80019531034196 -17.772079217802144 -2.393376537784034 -19.926889707294364 -15.121236817219518 -5.33920409108263 0.0 -11.454775341560893 -8.612157420611297 -9.720070900937975
588	0.0 -6.762983935142726 -6.64584006482961 -9.74737014409768 -17.81463061909833 -3.934778483390768 -6.576557875037281 -12.16689806795585 -5.902055992919219 -2.755459157215965 -10.626897837975378 -10.886543964231539 -13.911998022976377 -14.329617022414226 -19.538469346183454 -1.8785317596331472 -1.929602043462824 -20.91987338330825 -3.189149469441408 -1.8951974198637012
613	-1.7179595580566955 -20.18088490796201 -18.307499333772842 -20.5620177209044 -20.92858972338957 -19.861725940885457 -16.682242633821748 -14.69091236423346 -16.251684649158687 -3.671613146040433 -9.449777750419884 -9.672130879405831 -5.7733620935878545 -15.556396308967493 -14.19945340740718 -14.861263161046967 -5.256565096333192 -17.664490730686214 -19.53485446238581 0.0
623	0.0 -20.99066250566164 -12.454350860124965 -9.331397874394316 -9.068821472041105 -8.116916307087827 -8.381914620899284 -8.962484856862682 -12.334544440857902 -13.881080780883174 -15.84437150164581 -16.924845272844713 -19.953005700666434 -19.07270788158624 -20.98799867547954 -1.4153753154358029 -5.821335276062381 -18.933349951764 -20.811877045064406 -16.016967128802357
627	-20.875354721151155 -5.067296548063448 -15.725969976643103 -20.96967291829847 -18.17387722268458 -16.227572123492994 0.0 -13.45120488155386 -13.274557873370043 -15.373270489295681 -16.890732575591954 -2.8527747300632997 -20.720326949493256 -16.10468433930029 -12.839614101684713 -11.824792390275224 -7.7469484217591695 -4.481907649097966 -5.511691421043059 -7.643176277021882
661	0.0 -19.169307637602742 -19.398581184023033 -20.56469954523383 -17.90683110414573 -18.22817165331736 -20.1200624667433 -1.4841087013693621 -20.782385009763438 -19.46136682154554 -18.57769971298293 -18.32816201654775 -18.559664637338958 -17.044291174067162 -16.55329017182556 -15.673564255511987 -2.6699749728818327 -16.800814916986354 -14.297440524837127 -4.108039349216835
682	-20.97974355447036 -20.159343555148816 -5.655658703522332 -20.47942648399146 -19.37060818104286 -19.969961646022774 -15.542395038546658 0.0 -17.040809165819084 -15.654644635448776 -19.126699232003766 -18.974892291572413 -19.68771718398968 -20.25312723713056 -20.913256177458805 -5.997102594125431 -19.036107799727752 -19.550572099726402 -19.790339892963516 -20.99529816774031
684	0.0 -18.188951618276356 -16.660383717243157 -7.892435482239595 -4.163936310159192 -5.4786018260849945 -0.5080318027644487 -1.4880888028632429 -8.631851289120085 -18.0639723906367 -9.147728075862528 -5.8120368267152545 -8.669172281728791 -9.73637937211818 -11.48191497011561 -4.555994905380258 -2.0765068477928814 -17.63489702017079 -20.93458054244697 -3.2115472876459332
740	-20.997127342678212 -20.59821492272307 -3.698709228291388 0.0 -20.95147997587641 -20.615868656395087 -17.580700086955392 -17.495845079634204 -15.657984115292077 -19.068800576376173 -19.98799435951344 -20.455815962419038 -20.679209615761714 -20.034258576620132 -20.805713684854243 -20.1787664903281 -20.212039445770877 -20.798921963925245 -20.962283103523156 -15.832570643254343
