44	0.0 2.021057149653928 0.19484651960663274 -3.064854162224571 -3.3316698123374264 -5.0690529846974295 -4.072399564874824 -6.814501440320555 -8.004932174701963 -9.135355785393472 20.723108568839045 -15.931545405979719 -14.82133926454409 -16.616690992557334 -17.010476746771904 20.44479597180679 -19.08063735172478 -15.120089935889876 -16.432255062972438 -17.699794989982887
107	-20.394148672994667 -6.145640480776611 1.5791943852600632 -3.0599478495708965 -19.519650318276565 -17.86680980790839 -19.382556505619277 -4.033305843081426 -18.115082549272287 -17.528319184616958 -20.668926725719693 -19.938099102610973 -19.363297915477805 -20.406037822916833 -20.42958122747185 0.0 -20.93872309775568 -20.24545374826125 -20.804364321679195 -20.376696189800192
111	-20.961730375474442 -20.257662363675234 -19.86760117097507 -20.46815384897209 -20.953559663847322 -18.248145522390267 -20.12279035849815 -19.62314015999025 0.8641340861655851 -18.206874549881157 -18.728255211352757 -19.025814793913565 -16.751561780366437 -16.737762762256814 -15.566343405037864 -18.783783593887463 -19.350467076299257 -20.990722607638904 0.0 -18.80781001432641
120	-11.678552546637693 -10.824634034649899 -9.522390117766967 3.9271438857240133 -10.333639904867507 -14.271526076073442 0.0 -13.659650006948802 -11.472094981714179 -8.423491967190067 -19.64429296452376 -20.159720619789397 -20.300600317652275 -19.454092931627315 -19.272650872676593 -20.738277011172485 -17.49606805401629 -17.532841821693154 -17.660892565727814 -18.71895785880539
199	0.0 -20.970434462218442 -15.963973106851906 19.578040614026268 -12.61431479134233 -14.259128789235398 -11.963638535935745 -8.45729111257194 -7.683173842188673 -8.771047453900106 -5.5855867462198 -5.291446733280772 -7.468348908068151 10.95092217298968 9.82229809244089 20.968894344769396 -0.9176651453094 0.1025660607308415 -7.793447829564455 -15.062464240132
251	-20.312006976316038 0.0 -19.164116429610456 -20.419482662609745 -20.98564393617562 -19.551072901246577 -17.714426924042304 -17.0064959830849 -20.053617619468973 -18.570660049123916 -19.514233671673583 1.76420066068619 -19.211540004406157 -18.806127990023327 -19.269904891670723 -19.834289269665227 0.06758792026195351 -19.262812509998955 -20.639401784183736 -20.60468248514189
288	-8.416964763615642 -4.314685102500292 -6.808919195752164 -9.237131021919506 -17.79961460825752 0.0 -13.914501770353475 -10.973051921891827 -5.770307773091892 0.5837248758347383 5.579127537237444 -4.107501509503777 -16.10286075016865 -11.689357701301084 -5.277366147710859 -2.217776483655755 -4.4994189860831835 1.193521511217148 -20.975458155075575 -9.953508598034988
290	-16.60561079133479 8.900774714050042 -20.001021386592246 -10.52781735343417 -11.504778054080816 -18.621929120229847 -20.64314565080447 0.0 -20.965952721602783 -9.790408557642358 -6.213657764336304 -5.325251073654988 -1.8308471005287918 -7.816551257566715 -3.690440874264395 -16.48183925147 -1.9343145865530034 2.22368236884693 -11.159685700277212 -14.955242697583937
377	0.0 -19.22302410864027 -18.300681033525386 -5.975582762067056 2.5199892850449674 -8.160308781636816 1.8716958065191704 -7.3282170585953565 -16.352011412596063 -11.523001232798432 -13.579053664809472 -7.1892826253945 -13.609410621905015 -8.427568154144645 -6.54952805239041 -5.6106631857857465 -0.8670059822844655 -11.638525467385493 -15.353486866106547 -1.1328246632180177
395	0.0 -20.860794674009917 -18.43685351300922 -18.866812705818198 -18.4910177156762 -10.756420182296347 -8.895358283690397 -11.185063012227966 -17.333849218072483 -18.886962025929954 -17.669969409422027 -15.614179640539582 -19.549204239786874 -17.018440400915463 -11.614558720402117 -2.2659392695139062 -7.766441009977387 -17.0546985480988 -13.379085717884854 0.5226784906766634
399	-19.09701000024099 -18.322952871393106 -19.918033132622327 -20.996204446383857 -20.818418123573107 -19.25477852251179 -16.682472881921043 -17.558667602537344 -18.17372428580454 0.0 -20.99789742326853 -18.664559195505216 -16.97329876925283 -17.21660918257509 -19.001868722075557 -20.929646947836453 -20.938350766316265 -18.324902810413924 -18.77820921359916 0.9588609457651639
475	0.08348137625403469 5.8042470728172075 5.030530081541235 3.466597957493981 1.0705492981819662 -1.940721228730696 -3.1422994213981377 -6.404428986074533 -8.204877727898019 -9.208651969149205 0.0 -9.507796823634719 20.996777216973754 -11.640808898121623 -14.052825672253595 -13.905977579968322 -14.181477745455037 -16.468865826767463 -17.606386260911684 -18.779213227949686
478	-18.643413598608845 -15.792527203945792 -14.028075839768018 -15.674020743401229 -15.977653364150253 -16.069275274711636 -15.786430795382866 -19.89602086662315 -19.558068790405404 5.578635364171879 -1.021626191945566 -20.058535894421727 -9.719015616436325 -15.586251803622085 -11.718609865041294 -13.032851281859722 -12.709357967530863 -13.869354110350512 -14.311809243143427 0.0
493	-19.110068045383162 0.0 -20.6792017585794 -20.8160402383804 -20.957676974179172 -20.063632019591843 -20.99237911903632 -0.12349918359007972 -19.496050093508714 -20.685220930233243 -19.540189159092552 0.6406164709221046 -18.54854435260431 -20.952685887112946 -19.229802532313638 -16.317779504272472 -18.78017966798932 -17.995057318419654 -15.365906522576543 -17.988841356240275
522	-16.412919002634297 -17.093087613046542 -19.66392630693217 -20.825578790415495 -20.985288497999072 0.0 -20.917818205905448 -20.071992885328207 5.1834714127165675 -19.095404512248003 -19.50698183357474 -20.145027289192242 -20.645854493972355 -17.644022109500803 -18.40445258395347 -18.811229869779634 -15.141513684325501 -15.39724846244808 -16.654855670808757 -19.690594782958016
537	-19.38647234818722 0.026002447475449428 -20.936778696775402 -19.03294810377806 -20.891419231863747 -19.988044011916237 -16.07707070206014 -17.950834694575114 -18.22177052998077 -14.899705683537682 -14.468351475014924 -14.422865917008744 -11.202811524963316 -9.907577181756393 -10.474177413021401 -18.052055811226744 -19.789109023817833 0.0 -20.95783698384946 -20.999895551080332
569	1.7830905565995203 -8.88516749902602 -14.972475863529304 -20.95780726937854 -13.73497016606984 -19.020319063311945 -14.160471912103915 -13.643172537635007 -13.223562462912703 -15.62622712780431 -15.830573980120626 -12.964254177962768 -0.09239213906124488 -14.003529892427391 -10.286389894899152 4.599545479312862 0.0 -7.503309417915666 -2.421609962963574 -4.018132770162478
588	0.0 -14.833309040388484 -20.768389665222337 -20.54224595832175 -15.092064875712456 0.7190363066169443 0.6899887019686421 -1.220357189138439 5.532365751530461 12.419806144106863 1.781085553772011 4.466590574154541 -4.531788251582019 -4.2390402098810505 -2.198698143177471 -6.346629725591624 -5.93084502159671 -2.6337382542554106 1.3256078526723456 6.257106563443808
613	3.6359181534198157 -9.538863265521975 -17.889474676345586 -14.939394313781584 -20.31030430707731 -20.916259155836688 -14.03863448516574 -10.681192318354753 -11.675425380098499 6.528648758436145 -10.963777844662728 1.7954591846039158 4.211568455822113 -4.755277299019095 -12.055003784013007 -17.074971395804816 6.542430922449208 -17.530489992534296 -17.73150922523834 0.0
623	0.0 -12.984775563666293 -17.522599188354118 -12.098471311775047 -18.625923097397084 -17.478775410054844 -19.11620983747332 -20.826389298774686 -19.025772091305722 -15.177030291353308 -20.997239955326854 -19.292864814998236 -9.822601801241632 -6.878859198916571 -7.732914902299219 -5.14077526221082 -0.7804385729897372 -8.436525171007432 -17.017001991825715 -16.753848467849696
627	-7.33098435943537 13.25602806860392 -15.977375721451466 -1.8908339234879765 6.135739722090177 0.22961070656753296 0.0 -1.5968703864049485 -1.495224321879232 -1.2382979270829373 0.03238523540041039 14.169797636490387 -0.5482427014079985 -6.722219339293914 -7.993836872117173 -5.8321396483375505 -7.98737271128844 -9.782070669714326 -13.944249477997598 -14.711054298946204
661	0.0 -20.994203829890353 -20.575421577119123 -19.73537377920807 -12.045968898304322 -14.1945605162243 -17.142522954594604 -0.8132151200723342 -18.057815073854023 -17.639815965112543 -16.375063257519486 -16.421373836086147 -18.326270166082615 -19.46943679679393 -18.781889608241244 -19.736767676099248 5.509433420114337 -18.99656173963614 -20.525539798802434 3.1450252939909067
682	-18.14610688572545 -17.39269604931745 1.909698300445628 -17.70249697406864 -17.91075793361989 -19.000226707785295 -16.972736098712666 0.0 -19.32729260204237 -19.81232600596454 -20.904732482181434 -19.344647817886262 -19.45692066268596 -18.745128512698727 -18.94589438119627 -0.3116952593244505 -17.525147429278782 -17.185263630683735 -19.95959238234557 -19.650452978429644
684	0.0 -14.719188161965977 -16.230180302270867 -4.239921991442843 -20.650464538370738 -10.270241664476123 -16.305165702362125 -20.989068382055788 -15.374677798292595 -19.22933080790572 4.824757824384706 9.702730390639628 6.918539765192737 3.200967438706262 -10.980004317425497 10.203444602222188 -3.977298637494599 -18.857590284168957 -20.9955056519755 -10.262683589548644
740	-19.297094840340762 -19.306012517642383 1.1813626732625373 0.0 -20.730113743998878 -20.841080195843787 -20.57823783517147 -19.180322084134993 -20.631497110884567 -19.337103187390234 -20.82571928232582 -20.440418445696338 -20.952920705390653 -20.00458679664867 -20.80689696744595 -20.828050309721924 -20.49648349165752 -19.75428685691462 -20.3793364654099 -19.925792912324297
